0,9 -> 5,9

0,9,5,9

####################
.......1..
..1....1..
..1....1..
.......1..
.112111211
..........
..........
..........
..........
222111....

[0, 9, 1, 9, 2, 9, 3, 9, 4, 9, 5, 9]
[9, 4, 8, 4, 7, 4, 6, 4, 5, 4, 4, 4, 3, 4]
[2, 2, 2, 1]
[7, 0, 7, 1, 7, 2, 7, 3, 7, 4]
[0, 9, 1, 9, 2, 9]
[3, 4, 2, 4, 1, 4]


[0, 9, 1, 9, 2, 9, 3, 9, 4, 9, 5, 9, 9, 4, 8, 4, 7, 4, 6, 4, 5, 4, 4, 4, 3, 4, 2, 2, 2, 1, 7, 0, 7, 1, 7, 2, 7, 3, 7, 4, 0, 9, 1, 9, 2, 9, 3, 4, 2, 4, 1, 4]

{(4, 9): 1, (2, 1): 1, (7, 0): 1, (7, 1): 1, (8, 4): 1, (5, 9): 1, (7, 2): 1, (1, 4): 1, (6, 4): 1, (2, 4): 1, (3, 4): 2, (5, 4): 1, (2, 2): 1, (3, 9): 1, (9, 4): 1, (7, 4): 2, (7, 3): 1, (1, 9): 2, (4, 4): 1, (2, 9): 2, (0, 9): 2}

222111 112111211 11112222211
222111 112111211 111111 (<-)
211211 112121

#############

5152
5238
5067
too high
420.27s
