000000000000
000000000111
000000001000
000000001001
000000001100
000000001101
000000001110
000000011010
000000011011
000000100010
000000100100
000000101110
000000110001
000000110100
000001000001
000001000011
000001000100
000001000111
000001001101
000001010000
000001010011
000001010100
000001101000
000001101001
000001101100
000001110011
000001110111
000001111001
000010000001
000010000010
000010000101
000010001011
000010001101
000010001111
000010010011
000010010111
000010011011
000010100101
000010100111
000010101001
000010101100
000010101101
000010110001
000010111010
000011000101
000011000110
000011010001
000011010010
000011010110
000011011010
000011100001
000011101111
000011110000
000011110100
000011111101
000011111110
000100001000
000100001110
000100010000
000100010001
000100010100
000100100000
000100100111
000100110001
000100110011
000100111000
000101000101
000101000110
000101001001
000101001011
000101011000
000101011010
000101011011
000101011110
000101110001
000101110011
000101111101
000101111111
000110000010
000110000100
000110001001
000110001010
000110001100
000110011010
000110011100
000110100100
000110100111
000110101000
000110101101
000110110000
000110111100
000110111110
000111000101
000111000110
000111001001
000111001011
000111001101
000111010100
000111010101
000111010111
000111011000
000111011101
000111011111
000111100001
000111100010
000111100011
000111100100
000111100101
000111100111
000111101000
000111101010
000111101110
000111101111
000111110010
000111111001
000111111101
000111111110
001000000110
001000001010
001000001101
001000001110
001000001111
001000011101
001000011110
001000011111
001000100001
001000101001
001000101010
001000101110
001000110001
001000111110
001001000000
001001001001
001001001100
001001010000
001001010001
001001011000
001001011001
001001011100
001001100001
001001100100
001001101011
001001110101
001001111001
001010000010
001010000101
001010010010
001010010110
001010011100
001010100101
001010101000
001010101011
001010101100
001010101110
001010110010
001010110101
001010110110
001010111000
001011000010
001011000110
001011000111
001011001000
001011011100
001011100001
001011101101
001011110010
001011110101
001100000010
001100000111
001100001111
001100011011
001100011101
001100100101
001100101001
001100110111
001100111000
001100111001
001101000010
001101000011
001101000100
001101001100
001101010001
001101011000
001101100011
001101100101
001101101101
001101101110
001101110001
001101110011
001101110110
001101111001
001110000000
001110000001
001110001001
001110001011
001110001100
001110010110
001110010111
001110011110
001110100101
001110101000
001110101010
001110101011
001110110100
001110111001
001110111011
001110111101
001110111110
001111000001
001111000101
001111001010
001111001011
001111010010
001111010100
001111011000
001111100000
001111100010
001111100110
001111101111
001111110111
001111111001
001111111111
010000000010
010000000011
010000001001
010000001101
010000010101
010000010110
010000101100
010000101101
010000110011
010000111100
010001000110
010001000111
010001001100
010001010001
010001010101
010001010110
010001011011
010001011100
010001011111
010001100000
010001100010
010001100101
010001101100
010001101101
010001110001
010001110011
010001111011
010001111111
010010000100
010010000101
010010000110
010010001010
010010001110
010010010001
010010010111
010010011010
010010011011
010010100100
010010101001
010010101010
010010101011
010010101110
010010101111
010010110011
010010110110
010010111001
010010111111
010011000011
010011000111
010011001010
010011001101
010011001110
010011010000
010011010011
010011010111
010011011001
010011011111
010011100110
010011101001
010011101111
010011110101
010011111010
010011111100
010011111101
010100000000
010100001111
010100010100
010100011110
010100011111
010100100100
010100101001
010100110000
010100110011
010100111110
010101000001
010101000101
010101000111
010101001000
010101001110
010101001111
010101010011
010101010100
010101011110
010101100011
010101100100
010101101001
010101101010
010101110000
010110000010
010110000011
010110000100
010110001001
010110001101
010110001110
010110010001
010110010110
010110010111
010110011001
010110011101
010110100000
010110100010
010110100111
010110101110
010110111001
010110111101
010111000000
010111000100
010111001010
010111001011
010111001101
010111001111
010111010110
010111010111
010111011001
010111011010
010111011011
010111011111
010111100001
010111100010
010111100101
010111100110
010111100111
010111101111
010111110010
010111110100
010111110101
010111110110
010111111011
010111111100
010111111111
011000000100
011000000101
011000000111
011000001011
011000001111
011000010010
011000011110
011000100000
011000100110
011000101001
011000101100
011000101101
011000110010
011000110011
011000111000
011000111100
011000111111
011001000010
011001000011
011001001000
011001001101
011001010100
011001010101
011001010111
011001011011
011001011111
011001101000
011001101101
011001101111
011001110000
011001110001
011001110010
011001110011
011001110100
011001111001
011001111010
011001111011
011001111100
011010000000
011010000111
011010001001
011010001110
011010010011
011010010110
011010011001
011010100010
011010100111
011010110000
011010110010
011010111001
011010111010
011010111011
011011000000
011011000010
011011000110
011011001100
011011001110
011011010001
011011010010
011011010101
011011011010
011011011011
011011100000
011011100010
011011100101
011011100110
011011100111
011011101011
011011101100
011011110011
011011111000
011011111010
011100000010
011100000101
011100000110
011100001100
011100001110
011100001111
011100010011
011100010111
011100011110
011100100000
011100101000
011100110010
011100110111
011100111111
011101000000
011101000001
011101000010
011101000110
011101001110
011101010000
011101010111
011101011000
011101011001
011101011010
011101011011
011101011110
011101011111
011101101101
011101101110
011101101111
011101110000
011101110011
011101110100
011101110101
011101110111
011101111101
011110000010
011110000110
011110001110
011110010001
011110010010
011110011001
011110011011
011110011101
011110011110
011110011111
011110100011
011110100101
011110101000
011110101101
011110110110
011110110111
011110111001
011110111010
011110111101
011111000011
011111000111
011111001001
011111001101
011111001111
011111010100
011111010111
011111101011
011111110111
011111111001
011111111011
011111111100
100000000001
100000000010
100000000101
100000000111
100000001011
100000010000
100000010111
100000011000
100000011010
100000011011
100000100011
100000110011
100000110100
100000110111
100000111000
100000111010
100000111100
100000111111
100001000001
100001000100
100001001000
100001010000
100001010100
100001010110
100001011000
100001011001
100001011011
100001011111
100001100000
100001101100
100001101101
100001110001
100001111000
100001111010
100001111011
100001111111
100010000001
100010000100
100010000110
100010001011
100010010111
100010100010
100010100011
100010100110
100010101001
100010101011
100010101110
100010110001
100010110010
100010111100
100010111111
100011000101
100011001000
100011010100
100011011001
100011011010
100011011101
100011011111
100011101100
100011101110
100011110000
100011110101
100011111011
100100000110
100100000111
100100001101
100100001111
100100010010
100100010011
100100010100
100100011000
100100011101
100100011110
100100100000
100100100001
100100100110
100100101010
100100110010
100100110100
100100110101
100100110110
100100111100
100101000001
100101000011
100101000100
100101010010
100101011010
100101011101
100101011111
100101100100
100101100101
100101100110
100101101010
100101110010
100101111101
100110000010
100110000100
100110000110
100110001011
100110001100
100110001101
100110010111
100110011100
100110011110
100110100110
100110101010
100110101101
100110110000
100110110001
100110110100
100111000000
100111000010
100111000100
100111000101
100111000110
100111010001
100111010010
100111011000
100111011011
100111011100
100111011101
100111100011
100111100101
100111101101
100111101111
100111110000
100111110010
100111110011
100111110101
100111110110
100111111010
100111111110
100111111111
101000000011
101000000100
101000000101
101000000110
101000001011
101000001110
101000001111
101000010000
101000010001
101000010010
101000010111
101000011000
101000011011
101000100010
101000100111
101000110001
101000110100
101000110101
101000111001
101001000001
101001000011
101001000111
101001001101
101001011010
101001011111
101001100011
101001100100
101001100110
101001101000
101001101011
101001101100
101001110001
101001110111
101001111011
101001111101
101010001001
101010001011
101010010110
101010010111
101010011010
101010011100
101010011101
101010100010
101010100101
101010101110
101010101111
101010111011
101010111100
101010111110
101011000111
101011001001
101011001111
101011010011
101011010110
101011011001
101011011110
101011100010
101011100100
101011100101
101011100110
101011101001
101011101011
101011110001
101011111010
101011111101
101100000101
101100000110
101100001101
101100001111
101100010110
101100010111
101100011000
101100011010
101100011011
101100011101
101100100001
101100100010
101100100011
101100101100
101100101110
101100110010
101101000100
101101001000
101101001101
101101001110
101101010010
101101010111
101101011001
101101011011
101101011110
101101101000
101101110001
101101110010
101101111001
101110000000
101110000001
101110000100
101110000110
101110000111
101110001010
101110010000
101110100001
101110110010
101110110101
101110110110
101111000110
101111001001
101111001010
101111010001
101111011000
101111011010
101111011011
101111011110
101111100001
101111100110
101111100111
101111101001
101111101010
101111101110
101111101111
101111110010
101111110011
101111110100
110000000101
110000001011
110000001101
110000001110
110000001111
110000010011
110000010101
110000011010
110000011101
110000100000
110000100100
110000100101
110000100110
110000101100
110000101101
110000110011
110000111010
110000111111
110001000011
110001001000
110001001001
110001001110
110001010011
110001011010
110001100011
110001100101
110001100110
110001101001
110001110100
110001111100
110010000000
110010000001
110010000010
110010000011
110010000100
110010000101
110010001101
110010010111
110010011101
110010011110
110010011111
110010100100
110010100101
110010101010
110010101101
110010101110
110010110101
110010111110
110010111111
110011000010
110011001000
110011001001
110011001011
110011001101
110011010110
110011010111
110011011000
110011011001
110011011010
110011011100
110011100000
110011100010
110011101100
110011101101
110011110000
110011110111
110011111001
110011111011
110011111111
110100000000
110100000001
110100000111
110100001001
110100001100
110100010110
110100010111
110100011010
110100011110
110100100010
110100101101
110100101110
110100110000
110100111011
110100111101
110100111110
110101000010
110101001010
110101001100
110101001101
110101010101
110101100000
110101101011
110101101111
110101110000
110101110001
110101111001
110101111110
110110000100
110110000111
110110001011
110110001100
110110001101
110110010100
110110010110
110110011001
110110011011
110110011110
110110100000
110110100100
110110100110
110110101100
110110101101
110110110001
110110110010
110110110101
110110110110
110110111111
110111000001
110111000101
110111000110
110111001000
110111001100
110111010001
110111010010
110111010100
110111011000
110111011100
110111100001
110111100011
110111100111
110111101000
110111101011
110111101111
110111110011
110111110101
110111111011
110111111100
111000000001
111000000111
111000010010
111000011101
111000011110
111000100011
111000100100
111000100111
111000101110
111000101111
111000110011
111000110100
111000110111
111000111001
111000111111
111001010110
111001011000
111001011011
111001011110
111001100001
111001100011
111001100101
111001100111
111001101000
111001101100
111001111010
111010000100
111010001010
111010001011
111010001101
111010010011
111010100100
111010100101
111010100111
111010101000
111010110000
111010110010
111010110011
111010111011
111011000110
111011010000
111011010011
111011011011
111011011101
111011100000
111011100101
111011101010
111011101011
111011110101
111011110110
111011110111
111011111000
111011111110
111100000010
111100000110
111100000111
111100001101
111100001110
111100010000
111100010001
111100010011
111100011010
111100100001
111100100101
111100100111
111100101100
111100110011
111100111000
111100111001
111100111101
111101000100
111101000110
111101000111
111101001011
111101010100
111101010101
111101010110
111101011001
111101100001
111101100100
111101101011
111101101111
111101110011
111101110111
111101111010
111110000000
111110000011
111110010001
111110010011
111110010110
111110011011
111110011100
111110011101
111110011110
111110100011
111110101000
111110101010
111110101101
111110110010
111110110101
111111000101
111111000111
111111001000
111111010010
111111010101
111111011001
111111011011
111111011111
111111100000
111111101000
111111101011
111111101111
111111110001
111111110010
111111110011
111111110101