0 7,4,9,5,11,17,23,2,0,14,21,24,10,16,13,6,15,25,12,22,18,20,8,19,3,26,1
1
2 22 13 17 11  0
3  8  2 23  4 24
4 21  9 14 16  7
5  6 10  3 18  5
6 1 12 20 15 19
7
8  3 15  0  2 22
...

###############

[7, 4, 9, 5, 11, 17, 23, 2, 0, 14, 21, 24, 10, 16, 13, 6, 15, 25, 12, 22, 18, 20, 8, 19, 3, 26, 1]

###############

[22, 13, 17, 11, 0]
[8, 2, 23, 4, 24]
[21, 9, 14, 16, 7]
[6, 10, 3, 18, 5]
[1, 12, 20, 15, 19]

[3, 15, 0, 2, 22]
[9, 18, 13, 17, 5]
[19, 8, 7, 25, 23]
[20, 11, 10, 24, 4]
[14, 21, 16, 12, 6]

[14, 21, 17, 24, 4]
[10, 16, 15, 9, 19]
[18, 8, 23, 26, 20]
[22, 11, 13, 6, 5]
[2, 0, 12, 3, 7]


#####################


[[0, 0, 0, 0, 0], [0, 0, 0, 0, 0], [0, 0, 0, 0, 0], [0, 0, 0, 0, 0], [0, 0, 0, 0, 0]]
[[0, 0, 0, 0, 0], [0, 0, 0, 0, 0], [0, 0, 0, 0, 0], [0, 0, 0, 0, 0], [0, 0, 0, 0, 0]]
[[0, 0, 0, 0, 0], [0, 0, 0, 0, 0], [0, 0, 0, 0, 0], [0, 0, 0, 0, 0], [0, 0, 0, 0, 0]]

#####################

[[[1, 1, 1, 1, 1], [1, 1, 1, 1, 1], [1, 1, 1, 1, 1], [1, 1, 1, 1, 1], [1, 1, 1, 1, 1]], [[1, 1, 1, 1, 1], [1, 1, 1, 1, 1], [1, 1, 1, 1, 1], [1, 1, 1, 1, 1], [1, 1, 1, 1, 1]], [[1, 1, 1, 1, 1], [1, 1, 1, 1, 1], [1, 1, 1, 1, 1], [1, 1, 1, 1, 1], [1, 1, 1, 1, 1]]]


################## 2nd

[22, 13, 17, 11, 0, 8, 2, 23, 4, 24, 21, 9, 14, 16, 7, 6, 10, 3, 18, 5, 1, 12, 20, 15, 19, 3, 15, 0, 2, 22, 9, 18, 13, 17, 5, 19, 8, 7, 25, 23, 20, 11, 10, 24, 4, 14, 21, 16, 12, 6, 14, 21, 17, 24, 4, 10, 16, 15, 9, 19, 18, 8, 23, 26, 20, 22, 11, 13, 6, 5, 2, 0, 12, 3, 7]


################

[0, 0, 0, 0, 0, 0, 0, 0, 0, 0, 0, 0, 0, 0, 0, 0, 0, 0, 0, 0, 0, 0, 0, 0, 0, 0, 0, 0, 0, 0, 0, 0, 0, 0, 0, 0, 0, 0, 0, 0, 0, 0, 0, 0, 0, 0, 0, 0, 0, 0, 0, 0, 0, 0, 0, 0, 0, 0, 0, 0, 0, 0, 0, 0, 0, 0, 0, 0, 0, 0, 0, 0, 0, 0, 0, 0, 0, 0, 0, 0, 0, 0, 0, 0, 0, 0, 0, 0, 0, 0, 0, 0, 0, 0, 0, 0, 0, 0, 0, 0]

#################

[1, 1, 1, 1, 1, 1, 1, 1, 1, 1, 1, 1, 1, 1, 1, 1, 1, 1, 1, 1, 1, 1, 1, 1, 1, 1, 1, 1, 1, 1, 1, 1, 1, 1, 1, 1, 1, 1, 1, 1, 1, 1, 1, 1, 1, 1, 1, 1, 1, 1, 1, 1, 1, 1, 1, 1, 1, 1, 1, 1, 1, 1, 1, 1, 1, 1, 1, 1, 1, 1, 1, 1, 1, 1, 1, 1, 1, 1, 1, 1, 1, 1, 1, 1, 1, 1, 1, 1, 1, 1, 1, 1, 1, 1, 1, 1, 1, 1, 1, 1]


-----------------

["22 13 17 11  0", " 8  2 23  4 24", "21  9 14 16  7", " 6 10  3 18  5", " 1 12 20 15 19", " 3 15  0  2 22", " 9 18 13 17  5", "19  8  7 25 23", "20 11 10 24  4", "14 21 16 12  6"]

    // // cols.
    // for i in 0..BOARD_SIZE {
    //     for x in 0..BOARD_SIZE {
    //         boards.push(boards[i + BOARD_SIZE * x]);
    //     }
    // }


#####################
guesses

21
904
18984
too high

winning_index = 4385